chr	start	end	silencer
chr19	8631775	8631975	1
chr1	113408175	113408375	1
chr2	234276376	234276576	1
chr17	47401936	47402136	1
chr17	41121376	41121576	1
chr10	6107715	6107915	1
chr2	227816846	227817046	1
chr11	114339756	114339956	1
chr10	15538675	15538875	1
chr1	189647276	189647476	1
chr9	39054666	39054866	1
chr6	128259956	128260156	1
chr5	125903415	125903615	1
chr12	123192675	123192875	1
chr19	47099296	47099496	1
chr17	47422396	47422596	1
chr15	52345255	52345455	1
chr5	18865696	18865896	1
chr1	117948875	117949075	1
chr19	42762765	42762965	1
chr7	1390815	1391015	1
chr19	13313885	13314085	1
chr3	121316336	121316536	1
chr2	28773325	28773525	1
chr14	65892015	65892215	1
chr5	124334296	124334496	1
chr16	10425416	10425616	1
chr19	3736825	3737025	1
chr19	47838155	47838355	1
chr8	33872176	33872376	1
chr14	19643455	19643655	1
chr1	29303795	29303995	1
chr3	57764256	57764456	1
chr1	74620436	74620636	1
chr3	195560875	195561075	1
chr21	10580375	10580575	1
chr19	7464536	7464736	1
chr12	70795415	70795615	1
chr7	128221256	128221456	1
chr8	23122936	23123136	1
chr5	178151060	178151260	1
chr6	21648816	21649016	1
chr3	128705026	128705226	1
chr19	47566135	47566335	1
chr4	134436956	134437156	1
chr19	13816945	13817145	1
chr7	65700135	65700335	1
chr12	113387975	113388175	1
chr3	107369756	107369956	1
chr3	86763696	86763896	1
chr2	231416936	231417136	1
chr16	58863396	58863596	1
chr8	98690726	98690926	1
chr15	101053575	101053775	1
chr1	185909276	185909476	1
chr2	42351395	42351595	1
chr12	56714995	56715195	1
chr10	80305575	80305775	1
chr5	19179836	19180036	1
chr2	128552496	128552696	1
chr4	178896296	178896496	1
chr20	56074956	56075156	1
chr10	103018055	103018255	1
chr6	125960696	125960896	1
chr11	40121056	40121256	1
chr8	108375315	108375515	1
chr1	105644016	105644216	1
chr11	64565396	64565596	1
chr3	128437856	128438056	1
chr1	154349996	154350196	1
chr11	105481776	105481976	1
chr6	17744235	17744435	1
chr1	171590375	171590575	1
chr11	86559785	86559985	1
chr11	31667415	31667615	1
chr17	37957015	37957215	1
chr1	236545095	236545295	1
chr20	44477966	44478166	1
chr1	146799456	146799656	1
chr22	17138015	17138215	1
chr1	245069295	245069495	1
chr1	105569916	105570116	1
chr1	190197716	190197916	1
chr9	95516675	95516875	1
chr19	4616795	4616995	1
chr1	52682635	52682835	1
chr5	163500595	163500795	1
chr12	109750305	109750505	1
chr2	146409235	146409435	1
chr1	169479976	169480176	1
chr10	19111185	19111385	1
chr1	191158116	191158316	1
chr6	39105126	39105326	1
chr14	67744576	67744776	1
chr11	91756516	91756716	1
chr7	37416056	37416256	1
chr10	123063596	123063796	1
chr16	89744816	89745016	1
chr17	74479835	74480035	1
chr1	240666976	240667176	1
chr3	129625426	129625626	1
chr11	117467836	117468036	1
chr5	132901796	132901996	1
chr1	190231776	190231976	1
chr16	17243816	17244016	1
chr4	180018996	180019196	1
chr6	35120635	35120835	1
chr10	104121596	104121796	1
chr1	242058435	242058635	1
chr6	30346196	30346396	1
chr6	13406185	13406385	1
chr17	65083556	65083756	1
chr11	77491086	77491286	1
chr17	32059256	32059456	1
chr5	136789296	136789496	1
chr7	152759085	152759285	1
chr4	180017096	180017296	1
chr14	93001475	93001675	1
chr17	26707075	26707275	1
chr1	32189456	32189656	1
chr5	174748996	174749196	1
chr21	21917815	21918015	1
chr19	55195836	55196036	1
chr3	10909176	10909376	1
chr1	112626236	112626436	1
chr20	47139786	47139986	1
chr11	116250256	116250456	1
chr17	80551076	80551276	1
chr14	82541996	82542196	1
chr5	125134036	125134236	1
chr19	31192136	31192336	1
chr1	30209526	30209726	1
chr1	197049495	197049695	1
chr15	83331966	83332166	1
chr7	66429456	66429656	1
chr2	135788526	135788726	1
chr10	75239975	75240175	1
chr1	210306016	210306216	1
chr6	137153135	137153335	1
chr20	44669626	44669826	1
chr3	158991516	158991716	1
chr12	119950796	119950996	1
chr1	168902976	168903176	1
chr8	35289876	35290076	1
chr1	40302575	40302775	1
chr12	49093375	49093575	1
chr2	231154086	231154286	1
chr1	241486906	241487106	1
chr6	24589716	24589916	1
chr6	159688316	159688516	1
chr3	183810116	183810316	1
chr1	7587355	7587555	1
chr2	12747335	12747535	1
chr1	151189196	151189396	1
chr3	139516656	139516856	1
chr8	105876875	105877075	1
chr19	46728855	46729055	1
chr20	59164756	59164956	1
chr1	101355516	101355716	1
chr14	79329596	79329796	1
chr16	56047956	56048156	1
chr12	93302956	93303156	1
chr10	22114496	22114696	1
chrX	122289275	122289475	1
chr5	149822035	149822235	1
chr1	10292356	10292556	1
chr1	210900036	210900236	1
chr19	40136536	40136736	1
chr16	27807416	27807616	1
chr6	105335336	105335536	1
chr16	7296656	7296856	1
chr2	226355256	226355456	1
chr17	45555096	45555296	1
chr19	54431076	54431276	1
chr19	3877006	3877206	1
chr2	230766356	230766556	1
chr3	126881796	126881996	1
chr20	61747856	61748056	1
chr3	123936456	123936656	1
chr5	145720186	145720386	1
chr6	88930306	88930506	1
chr17	55500155	55500355	1
chr17	33124816	33125016	1
chr5	128261706	128261906	1
chr17	33030726	33030926	1
chr5	75399986	75400186	1
chr4	27280336	27280536	1
chr17	6172916	6173116	1
chr4	82938926	82939126	1
chr18	71967716	71967916	1
chr20	48878755	48878955	1
chr19	9084256	9084456	1
chr10	15114376	15114576	1
chr19	21625776	21625976	1
chr7	151648815	151649015	1
chr1	114494415	114494615	1
chr18	44077176	44077376	1
chr19	23424276	23424476	1
chr2	208067506	208067706	1
chr12	119499086	119499286	1
chr1	190231456	190231656	1
chr8	55913976	55914176	1
chr10	83738086	83738286	1
chr6	116918086	116918286	1
chr7	140452415	140452615	1
chr12	12837766	12837966	1
chr22	48563136	48563336	1
chr19	54815826	54816026	1
chr20	37314586	37314786	1
chr19	34750080	34750280	1
chr6	149645195	149645395	1
chr20	32999876	33000076	1
chr20	52315115	52315315	1
chr6	99808035	99808235	1
chr12	108775976	108776176	1
chr9	120821896	120822096	1
chr12	119083116	119083316	1
chr2	243184876	243185076	1
chr1	6221766	6221966	1
chr1	190299436	190299636	1
chr6	130683436	130683636	1
chr2	137285236	137285436	1
chr4	70209156	70209356	1
chr1	42984715	42984915	1
chr10	22138636	22138836	1
chr1	194045876	194046076	1
chr6	157376675	157376875	1
chr1	186121976	186122176	1
chr5	137468175	137468375	1
chr19	28868076	28868276	1
chr3	168194526	168194726	1
chr15	56524355	56524555	1
chr1	50939275	50939475	1
chr1	212911115	212911315	1
chr1	36096815	36097015	1
chr1	166038736	166038936	1
chr16	5728476	5728676	1
chr22	49604696	49604896	1
chr21	18715476	18715676	1
chr5	73359856	73360056	1
chr19	36454556	36454756	1
chr1	6579335	6579535	1
chr20	40653376	40653576	1
chr19	44919855	44920055	1
chr10	102840816	102841016	1
chr1	29792376	29792576	1
chr5	112856186	112856386	1
chr5	140927255	140927455	1
chr12	129534556	129534756	1
chr3	122593035	122593235	1
chr17	11410036	11410236	1
chr1	50733816	50734016	1
chr12	32424396	32424596	1
chr1	196707896	196708096	1
chr16	49379816	49380016	1
chr14	50704276	50704476	1
chr20	60183436	60183636	1
chr19	7082935	7083135	1
chr7	50982306	50982506	1
chr13	97320756	97320956	1
chr11	112605036	112605236	1
chr8	135421896	135422096	1
chr10	132722476	132722676	1
chr15	65003275	65003475	1
chr5	151626076	151626276	1
chr19	55577526	55577726	1
chr12	70503935	70504135	1
chr14	106267626	106267826	1
chr16	66985355	66985555	1
chr1	5907446	5907646	1
chr17	4110345	4110545	1
chr7	140434965	140435165	1
chr5	155635396	155635596	1
chr7	140797326	140797526	1
chr12	57814115	57814315	1
chr3	122948006	122948206	1
chr7	75854796	75854996	1
chr18	44082476	44082676	1
chr19	7113376	7113576	1
chr12	69921755	69921955	1
chr1	175694886	175695086	1
chr2	126570195	126570395	1
chr1	77502346	77502546	1
chr3	38474435	38474635	1
chr10	31796455	31796655	1
chr17	49946836	49947036	1
chr6	144027495	144027695	1
chr8	102256036	102256236	1
chr8	11463316	11463516	1
chrX	32155776	32155976	1
chr1	112434275	112434475	1
chr12	114039576	114039776	1
chr2	34877796	34877996	1
chr1	192170535	192170735	1
chr1	236782915	236783115	1
chr6	34083216	34083416	1
chr20	37671255	37671455	1
chr8	81785695	81785895	1
chr2	86293476	86293676	1
chr6	83958076	83958276	1
chr6	17638975	17639175	1
chr6	35558735	35558935	1
chr13	36785455	36785655	1
chr13	62131906	62132106	1
chr16	20034626	20034826	1
chr4	124457455	124457655	1
chr1	158628496	158628696	1
chr11	17393265	17393465	1
chr20	44859676	44859876	1
chr8	59953176	59953376	1
chr6	42670996	42671196	1
chr21	21165876	21166076	1
chr19	39059956	39060156	1
chr15	34446895	34447095	1
chr3	111305676	111305876	1
chr2	27971715	27971915	1
chr10	75308796	75308996	1
chr19	15649716	15649916	1
chr19	14371006	14371206	1
chr10	76953628	76953828	1
chr7	23834936	23835136	1
chr19	28910615	28910815	1
chr7	12347716	12347916	1
chr1	30225016	30225216	1
chr21	24204096	24204296	1
chr19	6568886	6569086	1
chr15	89508376	89508576	1
chr5	146204686	146204886	1
chr19	44981395	44981595	1
chr5	133071195	133071395	1
chr12	74542115	74542315	1
chr1	3462455	3462655	1
chr2	202668436	202668636	1
chr8	130615955	130616155	1
chr3	123309675	123309875	1
chr2	39259665	39259865	1
chr2	170504155	170504355	1
chr9	97252836	97253036	1
chr3	58352526	58352726	1
chr22	30112816	30113016	1
chr2	128534655	128534855	1
chr7	107988136	107988336	1
chr11	108209656	108209856	1
chr11	134346415	134346615	1
chr9	33340435	33340635	1
chr17	74481315	74481515	1
chr16	48754206	48754406	1
chr8	140908956	140909156	1
chr1	112190435	112190635	1
chr9	140263995	140264195	1
chr15	29741456	29741656	1
chr16	7064056	7064256	1
chr3	183788955	183789155	1
chr11	8294956	8295156	1
chr8	124541715	124541915	1
chr10	66236365	66236565	1
chr1	209715855	209716055	1
chr11	16749435	16749635	1
chr2	179971255	179971455	1
chr22	25271976	25272176	1
chr1	5061616	5061816	1
chr8	86983575	86983775	1
chr12	112392796	112392996	1
chr20	40808506	40808706	1
chr7	37019716	37019916	1
chr2	23897256	23897456	1
chr12	10348876	10349076	1
chr1	235654675	235654875	1
chr2	113623575	113623775	1
chr12	110623966	110624166	1
chr7	21408016	21408216	1
chr3	33739295	33739495	1
chr3	63053796	63053996	1
chr7	72156456	72156656	1
chr3	151297766	151297966	1
chr15	29305136	29305336	1
chr5	112648575	112648775	1
chr11	108008086	108008286	1
chr1	248563555	248563755	1
chr6	110576636	110576836	1
chr18	28978235	28978435	1
chr15	97712496	97712696	1
chr19	29820486	29820686	1
chr11	127241636	127241836	1
chr6	159435555	159435755	1
chr19	7083095	7083295	1
chr14	24982316	24982516	1
chr1	21455856	21456056	1
chr1	189238235	189238435	1
chr12	7889936	7890136	1
chr15	59170376	59170576	1
chr12	100933076	100933276	1
chr2	242700135	242700335	1
chr1	173767695	173767895	1
chr19	55028595	55028795	1
chr1	58756436	58756636	1
chr12	119070976	119071176	1
chr3	118744336	118744536	1
chr17	37979995	37980195	1
chr5	173572875	173573075	1
chr7	30711556	30711756	1
chr13	33302636	33302836	1
chr2	189108136	189108336	1
chr5	176411756	176411956	1
chr1	37389906	37390106	1
chr9	125404596	125404796	1
chr1	31084876	31085076	1
chr12	4934675	4934875	1
chr11	43780576	43780776	1
chr1	194307536	194307736	1
chr1	93612106	93612306	1
chr12	71229655	71229855	1
chr18	43800176	43800376	1
chr2	104273136	104273336	1
chr12	40896216	40896416	1
chr19	47081035	47081235	1
chr14	70519796	70519996	1
chr5	151097635	151097835	1
chr14	78996476	78996676	1
chr20	34350476	34350676	1
chr2	71575536	71575736	1
chr7	95534576	95534776	1
chr3	197435476	197435676	1
chr22	33940776	33940976	1
chr6	82698416	82698616	1
chr17	71906976	71907176	1
chr7	157285895	157286095	1
chr12	115487556	115487756	1
chr5	56393635	56393835	1
chrX	54034196	54034396	1
chr19	38945796	38945996	1
chr15	34362375	34362575	1
chr5	64849636	64849836	1
chr11	63937896	63938096	1
chr12	120842255	120842455	1
chr11	103761876	103762076	1
chr17	56253656	56253856	1
chr8	130911955	130912155	1
chr3	83837116	83837316	1
chr17	80037275	80037475	1
chr10	22462856	22463056	1
chr12	69646555	69646755	1
chr19	11717395	11717595	1
chr2	206839355	206839555	1
chr1	236066415	236066615	1
chr10	32140316	32140516	1
chr17	2685660	2685860	1
chr11	108107376	108107576	1
chr15	99838615	99838815	1
chr6	161404475	161404675	1
chr11	5755395	5755595	1
chr12	108862176	108862376	1
chr10	16507896	16508096	1
chr10	70388376	70388576	1
chr5	29935576	29935776	1
chr16	46873795	46873995	1
chr20	859486	859686	1
chr10	25819455	25819655	1
chr3	77348396	77348596	1
chr6	47052535	47052735	1
chr2	38622035	38622235	1
chr20	7837476	7837676	1
chr19	56678636	56678836	1
chr19	308480	308680	1
chr4	102795676	102795876	1
chr17	65318516	65318716	1
chr17	71133595	71133795	1
chrX	102671245	102671445	1
chr16	5759976	5760176	1
chr10	135261735	135261935	1
chr21	25297416	25297616	1
chr18	45422116	45422316	1
chr20	30236076	30236276	1
chr18	75484116	75484316	1
chr19	328175	328375	1
chr15	73639146	73639346	1
chr3	37368015	37368215	1
chr22	17232195	17232395	1
chr1	232220676	232220876	1
chr12	10320316	10320516	1
chrX	12083496	12083696	1
chr5	37254595	37254795	1
chr8	33395166	33395366	1
chr16	8076555	8076755	1
chr7	23347996	23348196	1
chr1	36588135	36588335	1
chr17	76650515	76650715	1
chr19	1803916	1804116	1
chr6	125561836	125562036	1
chr17	32826676	32826876	1
chr17	27833896	27834096	1
chr8	60570276	60570476	1
chr1	190436736	190436936	1
chr19	53651096	53651296	1
chr8	24025216	24025416	1
chr2	87049835	87050035	1
chr5	32340015	32340215	1
chr8	142526786	142526986	1
chr1	226052215	226052415	1
chr6	116473796	116473996	1
chr15	88406496	88406696	1
chr12	110174476	110174676	1
chr1	183014355	183014555	1
chr17	15928536	15928736	1
chr2	82255196	82255396	1
chr15	91056755	91056955	1
chr3	149548796	149548996	1
chr7	135811755	135811955	1
chr17	33033136	33033336	1
chr9	37568495	37568695	1
chr21	10375575	10375775	1
chr1	120373895	120374095	1
chr3	126780876	126781076	1
chr12	107396495	107396695	1
chr1	110148515	110148715	1
chr7	143727475	143727675	1
chr1	212537595	212537795	1
chr3	37661836	37662036	1
chr20	62092796	62092996	1
chr6	37847475	37847675	1
chr8	22588275	22588475	1
chr1	236762075	236762275	1
chr16	68928316	68928516	1
chr8	126467315	126467515	1
chr6	13217815	13218015	1
chr5	141114506	141114706	1
chr17	55852175	55852375	1
chr2	230686945	230687145	1
chr7	148748116	148748316	1
chr6	33314856	33315056	1
chr6	89428936	89429136	1
chrX	123246756	123246956	1
chr19	18070996	18071196	1
chr19	22130615	22130815	1
chr1	231884575	231884775	1
chr19	11892126	11892326	1
chr3	12630775	12630975	1
chr17	64433715	64433915	1
chr8	22977675	22977875	1
chr5	54484595	54484795	1
chr5	95819616	95819816	1
chr4	70411296	70411496	1
chr2	109486555	109486755	1
chr3	20911980	20912180	1
chr6	32322835	32323035	1
chr10	66404455	66404655	1
chr21	25635156	25635356	1
chr17	8710555	8710755	1
chr17	67814736	67814936	1
chr22	49897916	49898116	1
chr9	80190796	80190996	1
chr2	38570375	38570575	1
chr15	51002876	51003076	1
chr7	131430496	131430696	1
chr7	145397655	145397855	1
chr1	165918696	165918896	1
chr1	113020235	113020435	1
chr19	1051536	1051736	1
chr3	166166996	166167196	1
chr5	149833705	149833905	1
chr3	182452035	182452235	1
chr1	105934536	105934736	1
chr7	148791555	148791755	1
chr1	10371615	10371815	1
chr1	185767716	185767916	1
chr19	14448395	14448595	1
chr17	11493176	11493376	1
chr20	37206375	37206575	1
chr1	9615475	9615675	1
chr3	24194505	24194705	1
chr6	37834835	37835035	1
chr3	138094415	138094615	1
chr1	117682395	117682595	1
chr7	133691315	133691515	1
chr2	43946076	43946276	1
chr8	56730356	56730556	1
chr5	86447416	86447616	1
chr5	77695396	77695596	1
chr6	44932476	44932676	1
chr8	99968215	99968415	1
chr1	149745676	149745876	1
chr10	62975996	62976196	1
chr2	128012775	128012975	1
chr3	129625736	129625936	1
chr1	189634116	189634316	1
chr1	1429096	1429296	1
chr12	72277015	72277215	1
chr8	82746095	82746295	1
chr5	175935076	175935276	1
chr1	246999535	246999735	1
chr16	13130536	13130736	1
chr1	168443655	168443855	1
chr12	65643156	65643356	1
chr1	188803646	188803846	1
chr10	97492796	97492996	1
chr5	122283935	122284135	1
chr6	5117375	5117575	1
chr1	33776875	33777075	1
chr11	47608935	47609135	1
chr8	26986156	26986356	1
chr18	64967836	64968036	1
chr3	57344115	57344315	1
chr2	12260935	12261135	1
chr7	128953875	128954075	1
chr2	166430515	166430715	1
chr14	70680676	70680876	1
chr21	23272496	23272696	1
chr6	255115	255315	1
chr12	71866515	71866715	1
chr15	72833345	72833545	1
chr6	35671475	35671675	1
chr8	77979676	77979876	1
chr5	163754255	163754455	1
chr10	75589635	75589835	1
chr1	167382215	167382415	1
chr3	34461416	34461616	1
chr1	8125536	8125736	1
chr20	56067996	56068196	1
chr19	40089846	40090046	1
chr11	108258776	108258976	1
chr6	4981975	4982175	1
chr6	112434676	112434876	1
chr18	55490276	55490476	1
chr4	70044976	70045176	1
chr6	129940875	129941075	1
chr5	80587636	80587836	1
chr1	94236256	94236456	1
chr6	116847995	116848195	1
chr8	16517376	16517576	1
chr6	110008216	110008416	1
chr1	55170920	55171120	1
chr1	61809416	61809616	1
chr1	173972075	173972275	1
chr7	150326415	150326615	1
chr16	87642096	87642296	1
chr12	120871295	120871495	1
chr15	31178096	31178296	1
chr6	17633615	17633815	1
chr2	44184396	44184596	1
chr6	161464315	161464515	1
chr17	67228885	67229085	1
chr12	50773656	50773856	1
chr8	8652475	8652675	1
chr8	70554916	70555116	1
chr4	27732015	27732215	1
chr11	65009936	65010136	1
chr7	157519415	157519615	1
chr22	21514075	21514275	1
chr4	160311875	160312075	1
chr1	227964295	227964495	1
chr14	47096016	47096216	1
chr6	56685795	56685995	1
chr6	44940556	44940756	1
chr6	143333055	143333255	1
chr6	109303416	109303616	1
chr17	73999175	73999375	1
chr2	82316476	82316676	1
chr6	27420295	27420495	1
chr15	49124935	49125135	1
chr19	7658185	7658385	1
chr3	177370635	177370835	1
chr11	98738716	98738916	1
chr6	32259415	32259615	1
chr12	71715395	71715595	1
chr1	6278895	6279095	1
chr17	63250396	63250596	1
chr15	78045656	78045856	1
chr18	20555575	20555775	1
chr6	20932656	20932856	1
chr20	1481236	1481436	1
chr3	31117006	31117206	1
chr1	210913036	210913236	1
chr1	180309375	180309575	1
chr7	27743696	27743896	1
chr4	127916235	127916435	1
chr12	95526676	95526876	1
chr7	55450496	55450696	1
chr21	32776135	32776335	1
chr6	74432475	74432675	1
chr1	231753695	231753895	1
chr20	46470756	46470956	1
chr17	58760496	58760696	1
chr1	11254536	11254736	1
chr1	31758456	31758656	1
chr1	63577896	63578096	1
chr7	111282695	111282895	1
chr20	35377616	35377816	1
chr6	49661355	49661555	1
chr2	113313655	113313855	1
chr5	105416336	105416536	1
chr15	83432155	83432355	1
chr1	190442056	190442256	1
chr1	115391760	115391960	1
chr14	96401656	96401856	1
chr1	53895795	53895995	1
chr7	10116656	10116856	1
chr11	116850945	116851145	1
chr2	141930936	141931136	1
chr3	165963296	165963496	1
chr8	107686076	107686276	1
chr1	209951215	209951415	1
chr2	91668896	91669096	1
chr18	48488476	48488676	1
chr14	32755936	32756136	1
chr1	109573635	109573835	1
chr1	189622706	189622906	1
chr5	144863816	144864016	1
chr3	111305416	111305616	1
chr10	121393736	121393936	1
chr1	38177215	38177415	1
chr2	203583476	203583676	1
chr6	25533455	25533655	1
chr8	108513645	108513845	1
chr15	93150980	93151180	1
chr11	98574996	98575196	1
chr1	52663555	52663755	1
chr1	227159535	227159735	1
chr9	104688115	104688315	1
chr6	49687775	49687975	1
chr3	119224656	119224856	1
chr9	66490935	66491135	1
chr7	14371896	14372096	1
chr9	94127115	94127315	1
chr12	123314235	123314435	1
chr16	27381135	27381335	1
chr1	169508325	169508525	1
chr15	69219540	69219740	1
chr8	142726196	142726396	1
chr22	19525995	19526195	1
chr19	38611396	38611596	1
chr1	11460745	11460945	1
chr10	65496015	65496215	1
chr19	13326415	13326615	1
chr6	27419535	27419735	1
chr18	29712985	29713185	1
chr12	65594136	65594336	1
chr3	64944856	64945056	1
chr2	61735775	61735975	1
chr22	38994556	38994756	1
chr5	19190616	19190816	1
chr10	66668616	66668816	1
chr5	151101655	151101855	1
chr20	61798420	61798620	1
chr7	35718876	35719076	1
chr2	232940176	232940376	1
chr6	91069325	91069525	1
chr12	93654555	93654755	1
chr3	43367595	43367795	1
chr7	64507216	64507416	1
chr16	1345656	1345856	1
chr6	47181955	47182155	1
chr8	101556756	101556956	1
chr10	18368936	18369136	1
chr14	97451955	97452155	1
chr12	70360655	70360855	1
chr8	27685455	27685655	1
chr21	47020735	47020935	1
chr8	139801356	139801556	1
chr11	75743676	75743876	1
chr12	66123835	66124035	1
chr18	2348035	2348235	1
chr17	33992736	33992936	1
chr13	70251296	70251496	1
chr11	118653155	118653355	1
chr3	170102305	170102505	1
chr2	239542395	239542595	1
chr20	689636	689836	1
chr2	170193295	170193495	1
chr7	144081475	144081675	1
chr14	32466225	32466425	1
chr10	64966135	64966335	1
chr5	95901815	95902015	1
chr17	76225216	76225416	1
chr6	106677946	106678146	1
chr8	108285695	108285895	1
chr12	72119035	72119235	1
chr1	15994716	15994916	1
chr19	45463036	45463236	1
chr6	170148655	170148855	1
chr3	122077256	122077456	1
chr7	148677035	148677235	1
chr3	124950675	124950875	1
chr1	247002195	247002395	1
chr2	61686315	61686515	1
chr4	83214566	83214766	1
chr9	108476455	108476655	1
chr18	19218436	19218636	1
chr1	112771435	112771635	1
chr1	115283235	115283435	1
chr5	135587075	135587275	1
chr3	87080656	87080856	1
chr3	195243636	195243836	1
chr10	17146476	17146676	1
chr15	52113455	52113655	1
chr1	95754136	95754336	1
chr11	9295256	9295456	1
chr1	246892795	246892995	1
chr19	35561535	35561735	1
chr19	28867855	28868055	1
chr5	37594995	37595195	1
chr1	21551136	21551336	1
chr4	146428826	146429026	1
chr10	66555776	66555976	1
chr3	10795746	10795946	1
chr12	69573655	69573855	1
chr12	28152995	28153195	1
chr1	171880756	171880956	1
chr3	107908196	107908396	1
chr1	220008755	220008955	1
chr5	159428020	159428220	1
chr7	38027456	38027656	1
chr5	90097156	90097356	1
chr1	44879515	44879715	1
chr12	31728135	31728335	1
chr7	136235815	136236015	1
chr17	55105256	55105456	1
chr11	77291916	77292116	1
chr16	4934176	4934376	1
chr15	41835015	41835215	1
chr18	21895235	21895435	1
chr12	92910116	92910316	1
chr2	129252175	129252375	1
chr11	98416336	98416536	1
chr7	18183896	18184096	1
chr10	20013356	20013556	1
chr19	29235936	29236136	1
chr19	10701656	10701856	1
chr6	159108075	159108275	1
chr22	21231255	21231455	1
chr12	34397655	34397855	1
chr2	27971875	27972075	1
chr7	18173236	18173436	1
chr16	5226440	5226640	1
chr3	33740915	33741115	1
chr1	220422915	220423115	1
chr1	235913275	235913475	1
chr7	38106116	38106316	1
chr10	35270515	35270715	1
chr19	48976876	48977076	1
chr12	16101516	16101716	1
chr5	131360535	131360735	1
chr19	3781775	3781975	1
chr5	98851576	98851776	1
chr13	81366075	81366275	1
chr11	101012236	101012436	1
chr1	180313355	180313555	1
chr19	58153376	58153576	1
chr8	109212696	109212896	1
chr1	37431966	37432166	1
chr5	145556075	145556275	1
chr17	35400416	35400616	1
chr5	87484685	87484885	1
chr2	188325355	188325555	1
chr14	92512336	92512536	1
chr4	22417996	22418196	1
chr17	17328016	17328216	1
chr17	67141095	67141295	1
chr2	66005375	66005575	1
chr5	176233276	176233476	1
chr5	37330376	37330576	1
chr3	48107695	48107895	1
chr14	59001575	59001775	1
chr22	21529575	21529775	1
chr18	38447456	38447656	1
chr1	113106055	113106255	1
chr4	165668016	165668216	1
chr7	135895235	135895435	1
chr2	12291625	12291825	1
chr13	81826596	81826796	1
chr8	26002136	26002336	1
chr17	28552915	28553115	1
chr6	20825576	20825776	1
chr18	34044235	34044435	1
chr11	69174675	69174875	1
chr9	115595475	115595675	1
chr1	203810455	203810655	1
chr3	20346575	20346775	1
chr3	160665395	160665595	1
chr18	22023935	22024135	1
chr5	133762076	133762276	1
chr1	229573315	229573515	1
chr9	47196306	47196506	1
chr12	71983435	71983635	1
chr5	137596915	137597115	1
chr1	16238495	16238695	1
chr7	145140456	145140656	1
chr14	74668876	74669076	1
chr19	2834296	2834496	1
chr1	20765876	20766076	1
chr6	161312335	161312535	1
chr17	75948555	75948755	1
chr2	128528635	128528835	1
chr12	10524796	10524996	1
chr18	22969235	22969435	1
chr1	192173916	192174116	1
chr1	19873255	19873455	1
chr19	8030436	8030636	1
chr12	64291595	64291795	1
chr11	31506916	31507116	1
chr5	133220655	133220855	1
chr6	135278355	135278555	1
chr8	87015075	87015275	1
chr20	53749055	53749255	1
chr10	5895595	5895795	1
chr18	51735016	51735216	1
chr12	22736395	22736595	1
chr8	66769936	66770136	1
chr3	23298536	23298736	1
chr10	17776586	17776786	1
chr3	17640295	17640495	1
chr1	93595296	93595496	1
chr17	6126646	6126846	1
chr6	159324935	159325135	1
chr20	61701296	61701496	1
chr1	109185160	109185360	1
chr6	136890475	136890675	1
chr1	176716815	176717015	1
chr7	140565415	140565615	1
chr6	97381316	97381516	1
chr13	81773756	81773956	1
chr6	135747075	135747275	1
chr19	40626976	40627176	1
chr2	226395416	226395616	1
chr3	14722285	14722485	1
chr17	67874356	67874556	1
chr12	93010055	93010255	1
chr5	108529776	108529976	1
chr3	193398115	193398315	1
chr6	144199735	144199935	1
chr21	32701715	32701915	1
chr12	125267395	125267595	1
chr7	124051976	124052176	1
chr19	41782276	41782476	1
chr4	97570776	97570976	1
chr5	88783856	88784056	1
chr11	3448786	3448986	1
chr1	70924576	70924776	1
chr1	227401575	227401775	1
chr8	105743400	105743600	1
chr7	47114516	47114716	1
chr1	146548380	146548580	1
chr17	26330216	26330416	1
chr3	177023156	177023356	1
chr12	48919920	48920120	1
chr3	33423435	33423635	1
chr1	178911815	178912015	1
chr6	95992556	95992756	1
chr6	37419635	37419835	1
chr5	34419815	34420015	1
chr6	43430035	43430235	1
chr7	118324436	118324636	1
chr12	70649215	70649415	1
chr3	172185115	172185315	1
chr6	74498816	74499016	1
chr15	97170635	97170835	1
chr6	35549655	35549855	1
chr19	52090945	52091145	1
chr1	46056496	46056696	1
chr3	32261035	32261235	1
chr11	77305256	77305456	1
chr2	182174475	182174675	1
chr1	187353636	187353836	1
chr10	102266336	102266536	1
chr7	27655896	27656096	1
chr17	13485276	13485476	1
chr16	66780515	66780715	1
chr11	6269395	6269595	1
chr12	88701386	88701586	1
chr21	20117056	20117256	1
chr10	31235976	31236176	1
chr11	85336295	85336495	1
chr7	133141895	133142095	1
chr1	23572835	23573035	1
chr10	6313935	6314135	1
chr7	118602116	118602316	1
chr6	28076955	28077155	1
chr1	166761555	166761755	1
chr3	20501215	20501415	1
chr10	104732496	104732696	1
chr19	45159806	45160006	1
chr6	15572435	15572635	1
chr7	155640580	155640780	1
chr12	22736835	22737035	1
chrX	43340796	43340996	1
chr9	26935936	26936136	1
chr6	142285156	142285356	1
chr1	53671815	53672015	1
chr2	39582676	39582876	1
chr3	158012496	158012696	1
chr7	64869015	64869215	1
chr1	25436056	25436256	1
chr2	181607635	181607835	1
chr1	219239755	219239955	1
chr7	142379416	142379616	1
chr21	47252716	47252916	1
chr2	24082976	24083176	1
chr2	61705315	61705515	1
chr9	32331346	32331546	1
chr16	28344036	28344236	1
chr5	89450560	89450760	1
chr7	72770095	72770295	0
chr1	19873475	19873675	0
chr18	44601576	44601776	0
chr5	177389655	177389855	0
chr11	110708376	110708576	0
chr3	182587426	182587626	0
chr17	37623635	37623835	0
chr7	103707516	103707716	0
chr10	99239756	99239956	0
chr6	158060795	158060995	0
chr12	14448416	14448616	0
chr5	73474376	73474576	0
chr19	55695166	55695366	0
chr14	75434416	75434616	0
chr17	67790526	67790726	0
chr1	56869856	56870056	0
chr10	124626646	124626846	0
chr15	93611940	93612140	0
chr2	190757675	190757875	0
chr6	166382735	166382935	0
chr22	42737216	42737416	0
chr2	222359376	222359576	0
chr16	17064975	17065175	0
chr2	59523495	59523695	0
chr7	13166040	13166240	0
chr12	121347566	121347766	0
chr1	154319696	154319896	0
chr12	77330355	77330555	0
chr11	126262595	126262795	0
chr8	52836515	52836715	0
chr19	37705266	37705466	0
chr21	10011635	10011835	0
chr13	70330176	70330376	0
chr20	16443535	16443735	0
chr7	68289496	68289696	0
chr20	60340900	60341100	0
chr20	25913556	25913756	0
chr1	93873075	93873275	0
chr1	10019355	10019555	0
chr1	1472150	1472350	0
chrX	141048466	141048666	0
chr3	31351575	31351775	0
chr10	24207866	24208066	0
chr1	158306296	158306496	0
chr18	28797535	28797735	0
chr20	50355556	50355756	0
chr3	124905085	124905285	0
chr7	67383275	67383475	0
chr12	22945175	22945375	0
chr20	2865176	2865376	0
chr19	47149756	47149956	0
chr19	54846475	54846675	0
chr2	83809816	83810016	0
chr6	19690636	19690836	0
chr2	205618676	205618876	0
chr8	50100475	50100675	0
chr21	9713935	9714135	0
chr4	134189716	134189916	0
chr19	2621795	2621995	0
chr2	226219216	226219416	0
chr10	42876506	42876706	0
chrX	78394526	78394726	0
chr17	19011916	19012116	0
chr18	44608056	44608256	0
chr1	105569476	105569676	0
chr18	48894816	48895016	0
chr10	34696266	34696466	0
chr16	59574616	59574816	0
chr17	32305975	32306175	0
chr7	29232535	29232735	0
chr16	20054175	20054375	0
chr5	157121416	157121616	0
chr9	86039306	86039506	0
chr1	188025416	188025616	0
chr5	176759356	176759556	0
chr18	42777496	42777696	0
chr2	76634796	76634996	0
chr2	178048635	178048835	0
chr11	6983996	6984196	0
chr4	134218316	134218516	0
chr19	182546	182746	0
chr17	9359606	9359806	0
chr6	161954495	161954695	0
chr11	68136780	68136980	0
chr2	242877526	242877726	0
chr3	57434376	57434576	0
chr8	98760035	98760235	0
chr3	190910136	190910336	0
chr12	89655255	89655455	0
chr8	31101236	31101436	0
chr20	30819636	30819836	0
chr12	104666825	104667025	0
chrX	100738815	100739015	0
chr6	155838576	155838776	0
chr11	65716535	65716735	0
chr20	17742385	17742585	0
chr10	84318116	84318316	0
chr3	42469275	42469475	0
chr3	133348106	133348306	0
chr16	69213206	69213406	0
chr5	93376336	93376536	0
chr8	81493875	81494075	0
chr1	211999735	211999935	0
chr2	175793295	175793495	0
chr7	94335516	94335716	0
chr14	64249715	64249915	0
chr2	136920115	136920315	0
chr6	16623446	16623646	0
chr12	107216116	107216316	0
chr15	77430236	77430436	0
chr14	101732355	101732555	0
chr5	130172996	130173196	0
chr2	194702196	194702396	0
chr3	3072415	3072615	0
chr3	35974596	35974796	0
chrX	134085395	134085595	0
chr7	124533486	124533686	0
chr19	14696095	14696295	0
chr10	4237516	4237716	0
chr15	28197376	28197576	0
chr19	8766966	8767166	0
chr17	17058396	17058596	0
chr17	66708206	66708406	0
chr11	63826360	63826560	0
chr7	4613916	4614116	0
chr3	169801256	169801456	0
chr15	92838115	92838315	0
chr5	145345495	145345695	0
chr4	108131706	108131906	0
chr20	36301875	36302075	0
chr7	151797896	151798096	0
chr20	30616885	30617085	0
chr1	38881375	38881575	0
chr17	51539816	51540016	0
chr1	229451975	229452175	0
chr20	51342805	51343005	0
chr15	26189136	26189336	0
chr20	8976396	8976596	0
chr5	149471035	149471235	0
chr19	46710025	46710225	0
chr6	131856	132056	0
chr3	179263216	179263416	0
chr19	20649396	20649596	0
chr7	26449406	26449606	0
chr19	17917875	17918075	0
chr2	205145086	205145286	0
chr12	44241976	44242176	0
chr11	865496	865696	0
chr11	37880826	37881026	0
chr10	88892026	88892226	0
chr15	73260955	73261155	0
chrX	123316216	123316416	0
chr7	141579016	141579216	0
chr16	7618255	7618455	0
chr19	21046066	21046266	0
chr5	22754376	22754576	0
chr8	131916876	131917076	0
chr14	59511506	59511706	0
chr17	26548966	26549166	0
chr13	81773956	81774156	0
chr17	10419516	10419716	0
chr12	131678765	131678965	0
chr5	159292215	159292415	0
chr6	161705775	161705975	0
chr3	47399115	47399315	0
chr7	134762466	134762666	0
chr12	39436816	39437016	0
chr4	102571106	102571306	0
chr16	6316016	6316216	0
chr17	13624576	13624776	0
chr3	66604716	66604916	0
chr20	62796540	62796740	0
chr1	192185736	192185936	0
chr5	167999755	167999955	0
chr18	19216816	19217016	0
chr1	1042655	1042855	0
chr12	102696476	102696676	0
chr6	158434755	158434955	0
chr2	95374736	95374936	0
chr6	2224315	2224515	0
chr6	34869135	34869335	0
chrX	55239895	55240095	0
chr17	58686916	58687116	0
chr12	133384300	133384500	0
chr17	72128635	72128835	0
chr1	50757775	50757975	0
chr3	119318376	119318576	0
chr8	111877016	111877216	0
chr16	1196528	1196728	0
chr12	70143835	70144035	0
chr6	106137376	106137576	0
chr5	171279196	171279396	0
chr7	5005666	5005866	0
chr2	25547495	25547695	0
chr7	26427885	26428085	0
chr10	120121696	120121896	0
chr2	180013555	180013755	0
chr2	180637175	180637375	0
chr21	31551855	31552055	0
chr7	75516235	75516435	0
chr18	43538776	43538976	0
chr20	50782756	50782956	0
chr20	59270386	59270586	0
chr2	65976755	65976955	0
chr1	16636916	16637116	0
chr3	51567876	51568076	0
chr1	180706086	180706286	0
chr17	19138056	19138256	0
chr19	23875516	23875716	0
chr12	904526	904726	0
chr16	47560816	47561016	0
chr3	157128815	157129015	0
chr19	13855066	13855266	0
chr19	37856136	37856336	0
chr12	71558635	71558835	0
chr18	28953675	28953875	0
chr8	15772706	15772906	0
chr6	49736715	49736915	0
chr11	134168416	134168616	0
chr4	138227716	138227916	0
chr5	108341936	108342136	0
chr1	191034976	191035176	0
chr14	45236966	45237166	0
chr8	58832176	58832376	0
chr18	22481495	22481695	0
chr3	115049316	115049516	0
chr11	70857295	70857495	0
chr5	177517835	177518035	0
chr9	81153376	81153576	0
chr17	68523846	68524046	0
chr20	44239796	44239996	0
chr12	41462156	41462356	0
chr16	74476776	74476976	0
chr1	85536996	85537196	0
chr2	222330596	222330796	0
chr20	61766775	61766975	0
chr7	91207936	91208136	0
chr15	23356616	23356816	0
chr7	64419736	64419936	0
chr12	121812896	121813096	0
chr15	20703095	20703295	0
chr20	50923696	50923896	0
chr6	166381995	166382195	0
chr3	120335696	120335896	0
chr6	63924766	63924966	0
chr8	8822155	8822355	0
chr8	10370376	10370576	0
chr1	76745216	76745416	0
chr9	5008576	5008776	0
chr10	120364856	120365056	0
chr19	8269085	8269285	0
chr2	223264156	223264356	0
chr16	5062995	5063195	0
chr12	32024816	32025016	0
chr14	93319515	93319715	0
chr19	46442920	46443120	0
chr10	97621296	97621496	0
chr16	46790696	46790896	0
chr12	113044496	113044696	0
chr12	128878346	128878546	0
chr8	55034976	55035176	0
chr6	74420305	74420505	0
chr3	32657835	32658035	0
chr20	23548036	23548236	0
chr17	66176615	66176815	0
chr11	129450280	129450480	0
chr16	53492596	53492796	0
chr7	41790836	41791036	0
chr11	62728815	62729015	0
chr3	77022956	77023156	0
chr3	129864456	129864656	0
chr11	105173356	105173556	0
chr9	124739135	124739335	0
chr18	48096426	48096626	0
chr16	27135236	27135436	0
chr20	5520436	5520636	0
chr20	2111406	2111606	0
chr17	59533155	59533355	0
chr1	86458556	86458756	0
chr14	71841876	71842076	0
chr17	3694906	3695106	0
chr2	129429116	129429316	0
chr2	86959316	86959516	0
chr16	67171496	67171696	0
chr2	132178035	132178235	0
chr16	5497856	5498056	0
chr11	32574776	32574976	0
chr11	92186296	92186496	0
chr22	17891375	17891575	0
chr9	93088636	93088836	0
chr15	20498975	20499175	0
chr1	38220955	38221155	0
chr3	157030995	157031195	0
chr20	62934506	62934706	0
chr16	67731336	67731536	0
chr4	189471556	189471756	0
chr20	23909496	23909696	0
chr15	99752695	99752895	0
chr19	5057958	5058158	0
chr16	26453756	26453956	0
chr16	32194755	32194955	0
chr12	66312815	66313015	0
chrX	117950835	117951035	0
chr20	13326876	13327076	0
chr1	239571336	239571536	0
chr18	23036435	23036635	0
chr8	108931756	108931956	0
chr13	70265196	70265396	0
chr19	3646815	3647015	0
chr12	6252036	6252236	0
chr15	99852525	99852725	0
chr12	131613835	131614035	0
chr1	17295015	17295215	0
chr6	90639755	90639955	0
chr5	178995795	178995995	0
chr16	55449715	55449915	0
chr7	78165106	78165306	0
chr17	33434936	33435136	0
chr2	200088626	200088826	0
chr6	15837215	15837415	0
chr22	48827776	48827976	0
chr2	13035255	13035455	0
chr3	23241175	23241375	0
chr6	117986696	117986896	0
chr6	106853015	106853215	0
chr4	42103675	42103875	0
chr11	37989776	37989976	0
chr19	6576956	6577156	0
chr5	138020895	138021095	0
chr3	111369636	111369836	0
chr6	110818685	110818885	0
chr2	233072856	233073056	0
chr9	96160316	96160516	0
chr16	19938076	19938276	0
chr17	75575865	75576065	0
chr15	97951516	97951716	0
chr1	119374416	119374616	0
chr3	176706635	176706835	0
chr2	66156935	66157135	0
chr22	29853865	29854065	0
chr3	193002416	193002616	0
chr2	135414076	135414276	0
chr17	74373555	74373755	0
chr12	127896635	127896835	0
chr8	39439136	39439336	0
chr2	21519975	21520175	0
chr11	22578016	22578216	0
chr12	29543455	29543655	0
chr19	34249675	34249875	0
chr12	94812365	94812565	0
chr13	87544686	87544886	0
chr1	59774596	59774796	0
chr12	5992016	5992216	0
chr5	120905156	120905356	0
chr1	41024055	41024255	0
chr1	187660596	187660796	0
chr17	25603675	25603875	0
chr17	45619136	45619336	0
chr10	70565245	70565445	0
chr5	123056716	123056916	0
chr17	28913936	28914136	0
chr1	73610126	73610326	0
chr12	133515876	133516076	0
chr8	95030776	95030976	0
chr12	131153855	131154055	0
chr3	67519075	67519275	0
chr12	73447736	73447936	0
chr3	153224615	153224815	0
chr17	12668976	12669176	0
chr11	69614395	69614595	0
chr18	20345915	20346115	0
chr17	66823036	66823236	0
chr7	12363126	12363326	0
chr7	152787415	152787615	0
chr5	27495056	27495256	0
chr5	93209876	93210076	0
chr15	44917556	44917756	0
chr15	45447975	45448175	0
chr16	939440	939640	0
chr21	25889666	25889866	0
chr2	100661575	100661775	0
chr3	172956006	172956206	0
chr1	190855576	190855776	0
chr17	58264746	58264946	0
chr2	235279556	235279756	0
chr6	105683135	105683335	0
chr3	100873356	100873556	0
chr16	74825716	74825916	0
chr14	91420066	91420266	0
chr6	96010416	96010616	0
chr17	12530596	12530796	0
chr3	28175796	28175996	0
chr12	120057816	120058016	0
chr17	61949095	61949295	0
chr6	153455356	153455556	0
chr6	142733056	142733256	0
chr5	127261735	127261935	0
chr16	4830325	4830525	0
chr8	142503095	142503295	0
chr2	136531536	136531736	0
chr9	99394495	99394695	0
chr15	52737276	52737476	0
chr2	202477616	202477816	0
chr1	23035055	23035255	0
chr15	100921376	100921576	0
chr8	31107035	31107235	0
chr5	109095156	109095356	0
chr16	64240896	64241096	0
chr5	158444915	158445115	0
chr6	106338816	106339016	0
chr18	13035396	13035596	0
chr14	77095895	77096095	0
chr17	71390085	71390285	0
chr5	174825035	174825235	0
chr2	114132475	114132675	0
chr11	47728936	47729136	0
chr17	45747506	45747706	0
chr18	29495365	29495565	0
chr5	99759796	99759996	0
chr7	133339325	133339525	0
chr10	65257895	65258095	0
chr20	62432596	62432796	0
chr8	15391325	15391525	0
chr5	2011695	2011895	0
chr11	68650376	68650576	0
chr7	105586275	105586475	0
chr18	77627115	77627315	0
chr10	13082296	13082496	0
chr10	60183115	60183315	0
chr8	59827575	59827775	0
chr9	88781416	88781616	0
chr21	44748165	44748365	0
chr4	120439036	120439236	0
chr7	47504795	47504995	0
chr1	222394676	222394876	0
chr17	70809075	70809275	0
chr7	98465115	98465315	0
chr7	44069635	44069835	0
chr1	4109335	4109535	0
chr16	46874078	46874278	0
chr20	9217876	9218076	0
chr20	25551996	25552196	0
chr19	36363155	36363355	0
chr17	35137275	35137475	0
chr12	30074346	30074546	0
chr9	80302775	80302975	0
chr21	34340035	34340235	0
chr18	23556156	23556356	0
chr4	117317306	117317506	0
chr1	77073476	77073676	0
chr9	44765955	44766155	0
chr19	56877255	56877455	0
chrX	85195076	85195276	0
chr20	47376915	47377115	0
chr2	241683936	241684136	0
chr1	188726856	188727056	0
chr12	108361136	108361336	0
chr17	63112716	63112916	0
chr20	62097835	62098035	0
chr1	30331576	30331776	0
chr6	170017816	170018016	0
chr14	65757656	65757856	0
chr13	31915156	31915356	0
chr12	98704816	98705016	0
chr3	132556016	132556216	0
chr12	43249416	43249616	0
chr10	85918395	85918595	0
chr15	71447976	71448176	0
chr1	198076276	198076476	0
chr6	68350456	68350656	0
chr6	110125496	110125696	0
chr1	186749216	186749416	0
chr6	113134635	113134835	0
chr1	39748336	39748536	0
chr12	30993715	30993915	0
chr6	119323235	119323435	0
chr11	110259136	110259336	0
chr7	29383096	29383296	0
chr14	66393276	66393476	0
chr3	46926535	46926735	0
chr6	20510715	20510915	0
chr7	34214396	34214596	0
chr7	136149795	136149995	0
chr16	56005896	56006096	0
chr7	134803115	134803315	0
chr1	92553196	92553396	0
chr7	116294976	116295176	0
chr12	42442816	42443016	0
chr3	160756585	160756785	0
chr3	6620325	6620525	0
chr4	129879396	129879596	0
chr3	93897276	93897476	0
chr22	17788536	17788736	0
chr1	148903540	148903740	0
chr3	46900595	46900795	0
chr12	66861835	66862035	0
chr14	82134416	82134616	0
chr16	33364315	33364515	0
chr19	33814116	33814316	0
chr6	111218785	111218985	0
chr6	84656216	84656416	0
chr3	195688875	195689075	0
chr7	133799725	133799925	0
chr6	55940936	55941136	0
chr9	94990975	94991175	0
chr7	2964795	2964995	0
chr11	96742556	96742756	0
chr10	82727196	82727396	0
chr19	5192616	5192816	0
chr2	110266215	110266415	0
chr8	26837595	26837795	0
chr12	88860615	88860815	0
chr4	144664095	144664295	0
chr17	27832896	27833096	0
chr1	237490456	237490656	0
chr8	25761275	25761475	0
chr8	91709095	91709295	0
chr12	29219255	29219455	0
chr15	87581796	87581996	0
chr5	98361066	98361266	0
chr7	55718876	55719076	0
chr19	4069656	4069856	0
chrX	141256436	141256636	0
chr4	103840995	103841195	0
chr20	44214716	44214916	0
chr11	38630156	38630356	0
chr3	73370916	73371116	0
chr5	150746676	150746876	0
chr6	50915695	50915895	0
chr18	11801715	11801915	0
chr3	50448755	50448955	0
chr8	70771056	70771256	0
chr3	75545806	75546006	0
chr10	120991896	120992096	0
chr19	55038306	55038506	0
chr6	10661095	10661295	0
chr6	142199896	142200096	0
chr4	135286936	135287136	0
chr19	17647896	17648096	0
chr10	96411296	96411496	0
chr7	70503376	70503576	0
chr3	78158196	78158396	0
chr7	91388615	91388815	0
chr6	16636556	16636756	0
chr18	73880296	73880496	0
chr12	115333736	115333936	0
chr5	79065835	79066035	0
chr21	30179735	30179935	0
chr16	29295556	29295756	0
chr6	14172855	14173055	0
chr10	20971816	20972016	0
chr8	135243696	135243896	0
chr12	69127465	69127665	0
chr6	3785176	3785376	0
chr9	101228195	101228395	0
chr6	73307446	73307646	0
chr11	134314175	134314375	0
chr6	123597686	123597886	0
chr21	20914776	20914976	0
chr15	45213956	45214156	0
chr19	55476480	55476680	0
chr6	79307766	79307966	0
chr3	64859195	64859395	0
chr12	17161276	17161476	0
chr20	2881955	2882155	0
chr5	85147176	85147376	0
chr10	4186976	4187176	0
chr3	139513795	139513995	0
chr13	87629376	87629576	0
chr15	43135976	43136176	0
chr2	62298255	62298455	0
chr2	188237055	188237255	0
chr14	105894505	105894705	0
chr5	35233775	35233975	0
chr12	57111315	57111515	0
chr3	172807896	172808096	0
chr1	170137596	170137796	0
chr1	97089596	97089796	0
chr8	64059575	64059775	0
chr16	18055796	18055996	0
chr11	110804256	110804456	0
chr2	15456735	15456935	0
chr15	99383395	99383595	0
chr12	99336875	99337075	0
chr1	189687016	189687216	0
chr21	10105095	10105295	0
chr2	87842165	87842365	0
chr17	67320495	67320695	0
chr15	77885235	77885435	0
chr3	143739956	143740156	0
chr12	30757335	30757535	0
chr20	30497415	30497615	0
chr12	112952306	112952506	0
chr3	145818696	145818896	0
chr6	142238315	142238515	0
chr9	35265106	35265306	0
chr7	97855738	97855938	0
chr2	135841916	135842116	0
chr11	132336936	132337136	0
chr8	61068936	61069136	0
chr9	125293415	125293615	0
chr8	54230856	54231056	0
chr6	161729316	161729516	0
chr20	29462845	29463045	0
chr18	75534676	75534876	0
chr6	99022996	99023196	0
chr4	91043596	91043796	0
chr12	41860666	41860866	0
chr2	230273216	230273416	0
chr14	90697455	90697655	0
chr5	28930636	28930836	0
chr5	39605346	39605546	0
chr10	96309116	96309316	0
chr2	226120636	226120836	0
chr5	23527696	23527896	0
chr2	237671395	237671595	0
chr10	18371356	18371556	0
chr10	31867916	31868116	0
chr1	230002015	230002215	0
chr11	72222496	72222696	0
chr11	91760415	91760615	0
chr10	52593855	52594055	0
chr5	107075466	107075666	0
chr6	113241015	113241215	0
chr6	5922616	5922816	0
chr10	125661236	125661436	0
chr11	75759955	75760155	0
chr11	57767115	57767315	0
chr1	57479236	57479436	0
chr7	70419496	70419696	0
chr16	21780676	21780876	0
chr18	37005476	37005676	0
chr5	73450036	73450236	0
chr20	53612256	53612456	0
chr15	31890976	31891176	0
chr1	77447036	77447236	0
chr12	79126416	79126616	0
chr3	64313156	64313356	0
chr17	14485456	14485656	0
chr16	53594020	53594220	0
chr8	99627055	99627255	0
chr7	71330235	71330435	0
chr7	73577176	73577376	0
chr19	2633295	2633495	0
chr8	2352416	2352616	0
chr7	28045516	28045716	0
chr17	16444995	16445195	0
chr8	5821096	5821296	0
chr10	85668785	85668985	0
chr2	64101635	64101835	0
chr2	238801236	238801436	0
chr14	73636675	73636875	0
chr12	10536176	10536376	0
chr11	119897216	119897416	0
chr3	166228316	166228516	0
chr1	247738035	247738235	0
chr7	3174366	3174566	0
chr2	236179695	236179895	0
chr5	85325216	85325416	0
chr2	96426896	96427096	0
chr3	184141455	184141655	0
chr2	83266636	83266836	0
chrX	131424075	131424275	0
chr15	45947015	45947215	0
chr1	119331296	119331496	0
chr11	18906516	18906716	0
chr8	88983956	88984156	0
chr4	176230336	176230536	0
chr20	60868475	60868675	0
chr7	82877356	82877556	0
chr5	19192416	19192616	0
chr17	68520396	68520596	0
chr9	95696685	95696885	0
chr13	97185916	97186116	0
chr1	211581155	211581355	0
chr7	73050735	73050935	0
chr12	63945296	63945496	0
chr1	20122096	20122296	0
chr17	32897576	32897776	0
chr6	90235555	90235755	0
chr7	70694336	70694536	0
chr11	98881086	98881286	0
chr3	49663806	49664006	0
chr2	82877256	82877456	0
chr1	188127416	188127616	0
chr6	146994325	146994525	0
chr12	4983956	4984156	0
chr2	226025096	226025296	0
chr11	1072215	1072415	0
chr2	215501556	215501756	0
chr2	185548735	185548935	0
chr5	166779896	166780096	0
chr6	170247495	170247695	0
chr4	62172056	62172256	0
chr20	21477226	21477426	0
chr17	68584236	68584436	0
chr2	44999885	45000085	0
chr19	991735	991935	0
chr7	136846136	136846336	0
chr1	190345236	190345436	0
chr13	70175486	70175686	0
chr17	65995	66195	0
chrX	101946395	101946595	0
chr7	70346596	70346796	0
chr1	76734956	76735156	0
chr8	31507336	31507536	0
chr16	59047936	59048136	0
chr12	18850236	18850436	0
chr12	111430775	111430975	0
chr12	103066136	103066336	0
chr12	60825976	60826176	0
chr6	69212716	69212916	0
chr12	42586586	42586786	0
chr1	62594516	62594716	0
chr5	115010576	115010776	0
chr4	179096026	179096226	0
chr2	8162515	8162715	0
chr6	84824776	84824976	0
chr7	94946986	94947186	0
chr5	62427556	62427756	0
chr2	176137195	176137395	0
chr19	41836760	41836960	0
chr15	84852255	84852455	0
chr9	81154236	81154436	0
chr5	133214176	133214376	0
chrX	26539116	26539316	0
chr2	121203235	121203435	0
chrX	29679516	29679716	0
chr16	12797546	12797746	0
chr12	102343725	102343925	0
chr5	691236	691436	0
chr1	209701335	209701535	0
chr10	99729396	99729596	0
chr1	190628136	190628336	0
chr7	67876836	67877036	0
chr7	113459636	113459836	0
chr1	205468995	205469195	0
chr14	70770336	70770536	0
chr1	187273136	187273336	0
chr8	14909776	14909976	0
chr9	90970136	90970336	0
chr2	215571806	215572006	0
chr12	64756556	64756756	0
chr6	76669256	76669456	0
chr5	28727076	28727276	0
chr7	152169596	152169796	0
chr6	18432476	18432676	0
chr7	37213416	37213616	0
chr6	153422696	153422896	0
chr7	76390256	76390456	0
chr5	178516585	178516785	0
chr2	114877496	114877696	0
chr11	62728575	62728775	0
chr15	22817476	22817676	0
chr2	56054645	56054845	0
chr18	5518976	5519176	0
chr5	75395135	75395335	0
chr17	67878536	67878736	0
chr6	137873375	137873575	0
chr7	36420756	36420956	0
chr4	142855226	142855426	0
chr7	10021656	10021856	0
chr3	163269816	163270016	0
chr12	8034456	8034656	0
chr7	124899196	124899396	0
chr6	51204636	51204836	0
chr9	129122435	129122635	0
chr3	120886356	120886556	0
chr19	29191315	29191515	0
chr1	29717955	29718155	0
chr7	73758215	73758415	0
chr7	29441126	29441326	0
chr3	139366755	139366955	0
chr1	66087476	66087676	0
chr6	154849455	154849655	0
chr2	15041976	15042176	0
chr7	96705335	96705535	0
chr6	106413256	106413456	0
chr5	120353796	120353996	0
chr8	99985640	99985840	0
chr21	33139356	33139556	0
chr2	151715695	151715895	0
chr21	17726076	17726276	0
chr3	120782535	120782735	0
chr6	153168055	153168255	0
chr8	48602676	48602876	0
chrX	63658685	63658885	0
chrX	130859105	130859305	0
chr14	61842276	61842476	0
chr3	172784536	172784736	0
chr8	70717226	70717426	0
chr1	187956476	187956676	0
chr20	47116916	47117116	0
chr12	120372635	120372835	0
chr11	114690616	114690816	0
chr19	5698075	5698275	0
chr1	220617976	220618176	0
chr9	40071716	40071916	0
chr19	7135115	7135315	0
chr10	131164240	131164440	0
chr11	80306156	80306356	0
chr17	70808536	70808736	0
chr5	105657016	105657216	0
chr12	83468195	83468395	0
chr2	232614735	232614935	0
chr19	43822426	43822626	0
chr3	126510275	126510475	0
chr3	137879626	137879826	0
chr20	55350016	55350216	0
chr2	130289875	130290075	0
chr1	38170066	38170266	0
chr1	50400875	50401075	0
chr2	238797116	238797316	0
chr5	79604436	79604636	0
chr12	18348316	18348516	0
chr15	55771886	55772086	0
chr8	10556155	10556355	0
chr14	54656536	54656736	0
chr10	134072906	134073106	0
chr19	45324435	45324635	0
chr16	4394375	4394575	0
chr20	39998955	39999155	0
chr1	7051415	7051615	0
chr8	53339816	53340016	0
chr10	15892495	15892695	0
chr2	195830896	195831096	0
chr17	66118675	66118875	0
chr22	48636276	48636476	0
chr18	56924275	56924475	0
chr17	69755056	69755256	0
chr19	817876	818076	0
chr20	61703215	61703415	0
chr7	8096136	8096336	0
chr7	123903576	123903776	0
chr3	160777496	160777696	0
chr15	79549916	79550116	0
chr6	21163716	21163916	0
chr8	21683575	21683775	0
chr7	94453356	94453556	0
chr3	161000296	161000496	0
chr12	33099776	33099976	0
chr11	98604296	98604496	0
chr10	135075335	135075535	0
chr2	232759776	232759976	0
chr17	25613656	25613856	0
chr2	142406676	142406876	0
chr3	117575326	117575526	0
chr7	73334180	73334380	0
chr22	29771496	29771696	0
chr12	117731995	117732195	0
chr6	123851096	123851296	0
chr2	182232225	182232425	0
chr11	72673226	72673426	0
chr20	61985500	61985700	0
chr5	157809596	157809796	0
chr3	75185336	75185536	0
chr7	21988846	21989046	0
chr6	159941086	159941286	0
chr14	47425956	47426156	0
chr2	16594585	16594785	0
chr5	54643696	54643896	0
chr4	97393516	97393716	0
chr5	101173576	101173776	0
chr7	138847655	138847855	0
chr10	102588575	102588775	0
chr20	16734616	16734816	0
chr21	15734365	15734565	0
chr5	75814275	75814475	0
chr12	101238896	101239096	0
chr11	38082586	38082786	0
chr3	17956875	17957075	0
chr4	82461556	82461756	0
chr6	160647135	160647335	0
chr3	28947376	28947576	0
chr8	53138036	53138236	0
chr19	47323276	47323476	0
chr6	21248775	21248975	0
chr20	17780576	17780776	0
chr17	2338415	2338615	0
chr19	32028916	32029116	0
chr2	61825705	61825905	0
chr7	72052406	72052606	0
chr17	74480905	74481105	0
chr19	6291955	6292155	0
chr5	147660555	147660755	0
chr6	20508835	20509035	0
chr19	4081456	4081656	0
chr17	28995095	28995295	0
chr2	82283056	82283256	0
chr11	66841475	66841675	0
chr2	114278575	114278775	0
chrX	93929096	93929296	0
chr3	75524616	75524816	0
chr2	215212756	215212956	0
chr4	65303416	65303616	0
chr22	42309520	42309720	0
chr2	45266016	45266216	0
chr16	25917235	25917435	0
chr17	30411215	30411415	0
chr16	75870376	75870576	0
chr7	69952056	69952256	0
chr18	68250356	68250556	0
chr12	67436486	67436686	0
chr18	68288996	68289196	0
chr16	27036976	27037176	0
chr16	90004395	90004595	0
chrX	22818536	22818736	0
chr12	7725236	7725436	0
chr6	73623596	73623796	0
chr15	82477395	82477595	0
chr4	119495535	119495735	0
chr19	47154740	47154940	0
chr16	26996775	26996975	0
chr19	20476056	20476256	0
chr2	79281996	79282196	0
chr6	82596036	82596236	0
chr8	73625255	73625455	0
chr9	125167775	125167975	0
chr1	195420046	195420246	0
chr6	146452776	146452976	0
chrX	96455606	96455806	0
chr7	9528246	9528446	0
chr5	22249366	22249566	0
chr8	27665175	27665375	0
chr13	58440116	58440316	0
chr4	145223936	145224136	0
chr2	86898826	86899026	0
chr4	172078956	172079156	0
chr11	108883616	108883816	0
chr1	114590515	114590715	0
chr14	71025175	71025375	0
chr3	154381856	154382056	0
chr21	25180856	25181056	0
chr12	88604836	88605036	0
chr20	52180655	52180855	0
chr7	33018976	33019176	0
chr9	43939565	43939765	0
chr3	158654575	158654775	0
chr7	73540896	73541096	0
chr8	79789096	79789296	0
chr16	77383166	77383366	0
chr9	31942156	31942356	0
chr19	29785416	29785616	0
chr7	99284045	99284245	0
chr20	37221155	37221355	0
chr12	79280916	79281116	0
chr19	39348016	39348216	0
chr18	41659676	41659876	0
chr5	82811855	82812055	0
chr3	20649636	20649836	0
chr18	11757860	11758060	0
chr11	103734356	103734556	0
chr16	7259676	7259876	0
chr2	21865616	21865816	0
chr4	134744436	134744636	0
chr17	11729256	11729456	0
chr5	77992475	77992675	0
chr19	19575286	19575486	0
chr7	10365696	10365896	0
chr2	133300936	133301136	0
chrX	4723656	4723856	0
chr10	15114656	15114856	0
chr6	46344556	46344756	0
chr16	5621496	5621696	0
chr9	74022375	74022575	0
chr1	204425955	204426155	0
chr10	101787966	101788166	0
chr11	114433876	114434076	0
chr5	21835086	21835286	0
chr7	15447636	15447836	0
chr11	13913576	13913776	0
chr5	57678235	57678435	0
chr1	57998096	57998296	0
chr18	48755796	48755996	0
chr20	61966496	61966696	0
chr3	35936296	35936496	0
chr8	36854056	36854256	0
chr6	45240056	45240256	0
chr7	55775826	55776026	0
chr21	37240905	37241105	0
chr2	47811505	47811705	0
chr6	41462695	41462895	0
chr6	127329096	127329296	0
chr19	21235916	21236116	0
chr22	24220516	24220716	0
chr4	133090916	133091116	0
chr5	40053026	40053226	0
chrX	14297936	14298136	0
chr14	69040615	69040815	0
chr10	118229696	118229896	0
chr16	60027096	60027296	0
chr3	111203516	111203716	0
chr8	101981456	101981656	0
chr5	22068356	22068556	0
chr3	158990935	158991135	0
chr10	32837196	32837396	0
chr7	157726195	157726395	0
chr6	140075755	140075955	0
chr11	3319156	3319356	0
chr2	86922256	86922456	0
